103 185
113 235
145 308
167 363
134 272
191 404
205 443
225 473
246 516
271 513
299 471
293 482
306 449
329 404
326 428
347 380
356 350
369 317
382 285
405 255
418 216
427 222
438 251
446 284
446 318
456 339
456 375
471 414
481 449
490 483
498 510
516 514
528 470
535 433
540 380
562 309
550 352
567 294
577 260
592 221
609 173
671 177
673 215
677 257
682 301
677 343
678 383
675 422
675 470
671 517
703 378
719 354
745 345
789 355
796 381
802 401
807 423
807 446
810 471
810 497
811 523
836 532
946 358
926 364
901 391
877 438
869 482
885 530
930 541
959 542
978 517
989 360
1015 369
1033 402
1032 431
1031 473
1033 499
1047 530
1068 540
1092 542
1008 506
1189 305
1197 352
1196 386
1197 427
1202 459
1202 494
1202 525
1210 550
1243 554
1290 553
1130 385
1163 386
1220 393
1260 390
